1|51.14058982|16.95920382
2|51.16218975|17.12491458
3|51.14400742|16.94969305
4|51.1138712|17.10399465
5|51.09848461|16.99613211
6|51.0978894|17.02953113
7|51.14339947|16.8638031
8|51.07064579|16.99875649
9|51.05678676|17.02379017
10|51.14235831|17.13041532
11|51.07647649|16.96866059
12|51.13317158|17.10543835
13|51.09037928|16.97673775
14|51.10713314|17.01939388
15|51.13490428|17.00911955
16|51.14920855|16.85467826
17|51.12015409|16.84988427
18|51.17531415|17.01160242
19|51.07525692|17.0330585
20|51.11727839|17.03429734
21|51.1060456|17.04676749
22|51.09990482|17.03388429
23|51.17657613|16.99194654
24|51.13765168|16.9936404
25|51.11984442|17.05636847
26|51.09502822|17.0272615
27|51.12548815|16.9832066
28|51.13492438|17.13790104
29|51.06271576|17.07586716
30|51.13623568|16.96033939
31|51.13389616|17.0196455
32|51.09673394|16.9548997
33|51.07486132|17.00722819
34|51.13226101|17.07945918
35|51.10840913|17.07172068
36|51.06012868|17.00209835
37|51.08978035|17.00015824
38|51.12008382|16.85024757
39|51.09342279|17.0083676
40|51.1132364|16.84509139
41|51.16652358|17.02736426
42|51.06130496|16.99597183
43|51.09331094|17.05994282
44|51.07060362|17.01136519
45|51.12841711|17.10214578
46|51.14650851|16.86909655
47|51.19172106|16.9063006
48|51.05149366|17.09266883
49|51.06494947|17.00991013
50|51.0867284|17.01147232
51|51.11908353|17.01528337
52|51.17663308|16.99164966
53|51.08478995|17.01892611
54|51.13160815|16.84817259
55|51.12698017|16.91385027
56|51.13663183|17.03061681
57|51.1653264|16.88189904
58|51.12246162|17.03026068
59|51.1122244|17.02253107
60|51.12103051|16.94541343
61|51.1486829|17.04291123
62|51.09186401|17.03154943
63|51.15399128|16.88550957
64|51.11190802|17.00010859
65|51.16397081|17.11197282
66|51.11208496|17.02048757
67|51.08129653|17.01656596
68|51.14968423|16.87935805
69|51.14736909|17.03027131
70|51.0878336|17.06830653
71|51.16422799|17.11190724
72|51.06315724|17.03224846
73|51.12729732|16.90246771
74|51.13226193|17.06588865
75|51.05897038|17.08647569
76|51.11340955|17.01796144
77|51.13800702|17.05371918
78|51.15132017|17.02933929
79|51.14516219|16.88022093
80|51.11394367|17.10369909
81|51.12863458|17.05609761
82|51.08351956|17.02467005
83|51.10927175|17.07474937
84|51.14730945|16.85418764
85|51.11701185|17.03326061
86|51.14647479|16.94019984
87|51.06226353|17.03121631
88|51.09515536|17.12302758
89|51.10147354|17.06736264
90|51.12838049|17.05464272
91|51.07632581|16.97206692
92|51.08374351|17.05884177
93|51.13530226|17.03633492
94|51.1668052|16.88673049
95|51.09215589|17.00848546
96|51.05829834|17.03259792
97|51.14622765|16.86740812
98|51.11195739|17.06254965
99|51.15021055|17.10984204
100|51.14555136|17.1109989
101|51.14396509|17.11869287
102|51.1395609|17.03271467
103|51.15019486|16.8600396
104|51.09966574|17.00165188
105|51.0965745|17.03298048
106|51.09747772|17.02518704
107|51.08372393|17.01003847
108|51.08460414|17.00381203
109|51.14842303|17.03022763
110|51.15602959|17.0337227
111|51.10851512|17.07257073
112|51.08415955|16.9903802
113|51.06395508|16.97952812
114|51.11247574|16.98871068
115|51.12345406|17.04047812
116|51.15066734|17.02895604
117|51.09058305|16.97711809
118|51.17087926|17.00377946
119|51.13539399|17.03647045
120|51.09776564|17.02568772
121|51.14868426|17.07556991
122|51.07784304|17.08363569
123|51.10103224|17.10950516
124|51.16010196|17.13404861
125|51.11144435|17.05995961
126|51.10203902|17.02983653
127|51.174705|16.90660196
128|51.08651261|17.01149673
129|51.1214176|16.84393441
130|51.10090616|16.94237977
131|51.14128352|16.96409542
132|51.08255773|17.04937482
133|51.14883873|16.94553558
134|51.15008409|16.83332759
135|51.19664243|16.97515087
136|51.16545747|16.99899846
137|51.05867841|16.95578726
138|51.13850605|16.93443209
139|51.09694613|16.94689792
140|51.13642898|16.95050781
141|51.15757455|16.92406355
142|51.12393772|16.95088129
143|51.07173401|17.00595456
144|51.14097658|17.03222223
145|51.11314781|17.00696258
146|51.12367506|16.91687379
147|51.10203788|17.02530179
148|51.1141008|17.11707985
149|51.11336312|17.06690582
150|51.1370151|17.02981513
151|51.14026923|17.06987492
152|51.11161603|16.95219543
153|51.14239781|17.12978097
154|51.14512477|16.94431436
155|51.1323566|17.06585948
156|51.07763598|16.96391602
157|51.07779229|17.06466995
158|51.13778407|17.03017448
159|51.11789227|17.03100195
160|51.17006283|17.02366993
161|51.15138314|16.85618358
162|51.10123821|17.01374986
163|51.12945148|16.98664037
164|51.13623004|17.0164017
165|51.12435179|17.07782183
166|51.14518058|16.87199486
167|51.14049941|17.12631936
168|51.12212047|16.97192044
169|51.11354366|17.09109801
170|51.12623547|16.95485817
171|51.14783867|16.8656116
172|51.12989004|17.09717648
173|51.15225132|16.92681824
174|51.09167744|17.01624043
175|51.11362563|17.0521277
176|51.10432782|17.08421204
177|51.0773267|17.06182569
178|51.09328154|17.03023265
179|51.12294021|16.94951263
180|51.15705249|17.0106856
181|51.12390232|16.98681382
182|51.13072758|16.9671792
183|51.14114738|16.88690309
184|51.0660581|17.05995315
185|51.09430132|17.0322291
186|51.05796428|16.98787062
187|51.09218353|17.13294218
188|51.12246241|17.03025905
189|51.11323863|17.00788626
190|51.16252721|17.0459865
191|51.16018894|16.89370571
192|51.16483958|17.02810344
193|51.12419286|17.07823928
194|51.11344416|17.05021796
195|51.07676668|17.01833332
196|51.09483359|17.12921841
197|51.13261699|17.06571788
198|51.11708721|17.04326798
199|51.08867405|16.99230108
200|51.08368029|17.01029125
201|51.06628391|17.0592868
202|51.08988892|17.02866719
203|51.05765754|17.02315084
204|51.12057042|17.0773104
205|51.11394125|17.09799238
206|51.13174774|17.08075123
207|51.13681062|16.96667228
208|51.08314548|17.03110581
209|51.06002887|16.9747878
210|51.08352537|17.05971236
211|51.14467369|16.87155483
212|51.09301999|17.03248361
213|51.08463579|17.01120749
214|51.06487769|17.06548395
215|51.13845252|17.08178619
216|51.14977793|16.834271
217|51.14553829|16.87036722
218|51.07712305|17.04959717
219|51.14030861|17.07010305
220|51.14137758|16.96386689
221|51.14936007|17.02131223
222|51.15920491|17.04468139
223|51.13155531|17.07965542
224|51.08893211|17.01464637
225|51.1505124|16.85525774
226|51.13651148|16.99927273
227|51.15151264|16.99292232
228|51.07940737|17.05034902
229|51.06495031|17.09732665
230|51.07739933|17.01912014
231|51.12985328|16.97093801
232|51.11750255|17.04211691
233|51.1419203|16.99060405
234|51.07715183|17.04626183
235|51.13998833|16.95971075
236|51.11330586|17.04984724
237|51.11687817|17.08199474
238|51.0834758|17.04929011
239|51.06175785|16.9758113
240|51.07472529|17.03254813
241|51.16348599|16.91926529
242|51.13736298|16.99407691
243|51.09683829|16.94684781
244|51.15074276|17.11583748
245|51.13674858|17.04469824
246|51.09732721|17.16343519
247|51.05953181|17.00626128
248|51.14479054|16.87142514
249|51.07485496|17.00623189
250|51.09186956|16.98537335
251|51.10125726|17.10914151
252|51.15592619|16.8911355
253|51.14571167|17.13575373
254|51.12796054|17.10253432
255|51.11739488|17.04090971
256|51.11223433|17.02280648
257|51.11659529|17.05206422
258|51.12987152|17.09788135
259|51.11890241|17.04204126
260|51.09947071|17.00042637
261|51.12309268|16.92483451
262|51.10561273|17.01492235
263|51.16686498|16.89012427
264|51.09810015|17.02022841
265|51.07765009|17.01446461
266|51.06699848|16.99127638
267|51.08833406|16.95238558
268|51.15433667|17.02810627
269|51.07700272|16.96415159
270|51.09804816|17.02547332
271|51.10152287|17.04743347
272|51.12029557|16.85582888
273|51.1076112|17.03963685
274|51.07678236|17.05054794
275|51.10195069|16.97280207
276|51.09717634|17.00403514
277|51.13600487|16.99831943
278|51.14609579|16.94488384
279|51.11421655|17.05045843
280|51.13885932|16.97474844
281|51.13203256|17.06558812
282|51.1757095|16.88115388
283|51.11824079|16.84750134
284|51.12608262|16.90989178
285|51.07252593|16.95363942
286|51.10945912|17.10841758
287|51.11073818|17.03497352
288|51.11040648|17.03902559
289|51.14709329|17.11666655
290|51.11270542|17.02061807
291|51.10801931|17.03738253
292|51.07545293|17.07609287
293|51.06643762|16.97413031
294|51.11189395|17.02069685
295|51.10021609|17.04543891
296|51.1165508|17.05238674
297|51.13990208|16.95941434
298|51.07697039|17.01836232
299|51.11175003|17.02046816
300|51.05882667|16.97377968
301|51.10608875|17.03800726
302|51.15293125|17.0437009
303|51.16407187|17.12583922
304|51.10107786|17.00743968
305|51.15064715|17.01789534
306|51.13222401|17.06514893
307|51.09955855|17.05089848
308|51.10375672|17.09092741
309|51.11154662|17.08302653
310|51.11116927|17.13678381
311|51.10631313|17.09207314
312|51.08681533|17.01291054
313|51.14019832|16.95945079
314|51.10210123|17.11666581
315|51.11578449|16.95856194
316|51.05859855|17.01378828
317|51.13806349|16.93498947
318|51.1393806|17.0609121
319|51.08909645|17.00673612
320|51.08990372|16.97664203
321|51.09746411|17.03277662
322|51.09705538|17.05544768
323|51.1421977|16.90013996
324|51.11038702|17.03915953
325|51.07328329|16.96365272
326|51.1574756|17.00940343
327|51.11644952|17.02478235
328|51.13577995|17.05758711
329|51.10246148|17.01451089
330|51.10254806|17.11606706
331|51.09341995|17.03147708
332|51.12632996|17.04766164
333|51.11949066|17.08279215
334|51.13828186|17.02937414
335|51.14465232|16.87170533
336|51.1374775|16.96830832
337|51.13939937|17.02111604
338|51.08676056|17.01235293
339|51.13545586|17.0042563
340|51.10563627|17.11049131
341|51.09402381|16.99728755
342|51.08568611|17.0111936
343|51.10429039|17.02999796
344|51.14377985|16.89055082
345|51.11259735|17.0121382
346|51.13846774|17.05862828
347|51.11197428|17.00030381
348|51.1557581|17.13998408
349|51.13858413|17.08142457
350|51.07591259|17.05190915
351|51.08252808|17.03437046
352|51.17600473|16.88084927
353|51.15028811|17.02870737
354|51.099894|17.05431407
355|51.15275873|16.86356216
356|51.07588439|17.09276208
357|51.12589238|17.00285237
358|51.1549666|17.11912776
359|51.15768905|16.92766462
360|51.10603193|17.10551543
361|51.13457753|17.01124817
362|51.0929713|17.0194296
363|51.1448648|17.14942686
364|51.08766035|16.97544366
365|51.08010372|17.00802948
366|51.11244976|17.08546712
367|51.08223021|17.04926393
368|51.11854183|17.11051576
369|51.14895167|16.93040721
370|51.13237789|17.06301096
371|51.16594097|17.12796916
372|51.12527521|16.98342767
373|51.16301252|16.87835713
374|51.10464071|17.14666743
375|51.13909237|16.92861708
376|51.08930954|17.03389601
377|51.06388945|17.07249222
378|51.09175294|16.98525883
379|51.11936253|16.95189576
380|51.06786638|17.00377276
381|51.12140131|16.925068
382|51.09213757|17.03100544
383|51.10282257|16.94521253
384|51.11257862|16.97060421
385|51.11633455|17.05587279
386|51.16740646|16.89119782
387|51.07699976|17.08440741
388|51.12318045|16.97507808
389|51.08593976|17.0465033
390|51.11287498|17.01193508
391|51.17354363|16.88667267
392|51.08811421|16.97565868
393|51.10168472|17.06772428
394|51.11874135|16.8476562
395|51.11681938|17.05025445
396|51.10849409|17.01766835
397|51.13200849|17.06577831
398|51.13859908|17.02880867
399|51.12813817|16.97605757
400|51.11106056|17.0272088
401|51.11662829|17.0003626
402|51.10257927|17.04464709
403|51.07725261|17.05173998
404|51.14950537|17.11105233
405|51.11140173|17.0821703
406|51.0919761|17.03090141
407|51.15177222|16.9271541
408|51.15451186|16.89774018
409|51.11218871|17.06335752
410|51.14968148|17.1200051
411|51.13202206|17.06568138
412|51.13591629|16.99844283
413|51.11458176|17.12881623
414|51.11704986|17.09002274
415|51.16692221|17.12915965
416|51.06973483|17.00400882
417|51.08630245|17.04682845
418|51.13382604|16.95673513
419|51.07807396|16.99820221
420|51.09508586|17.115921
421|51.12467151|17.04584472
422|51.09852195|17.02050516
423|51.09382143|17.01795905
424|51.1661151|17.12912383
425|51.06687356|16.9948905
426|51.14754295|16.85312245
427|51.06327639|17.07486393
428|51.11978375|17.07746296
429|51.10836023|16.91007516
430|51.13834426|17.05998827
431|51.07696327|16.98036215
432|51.15794939|17.0099929
433|51.12901127|17.11362995
434|51.12842179|16.97567098
435|51.14207053|16.90511506
436|51.11640969|17.0332959
437|51.11513397|17.06676238
438|51.12752167|16.90059559
439|51.09760594|16.99265121
440|51.14420557|17.03082098
441|51.11037651|16.95594482
442|51.12278542|17.03082007
443|51.10139117|17.02869907
444|51.09166809|17.01580755
445|51.16126922|17.02771307
446|51.06901244|17.09480413
447|51.15680316|17.10094743
448|51.05823746|17.01565183
449|51.10220597|17.1018084
450|51.11511855|17.07345129
451|51.08192172|17.01671108
452|51.09726922|17.03657976
453|51.13302312|17.02618394
454|51.1150627|17.07361711
455|51.0892028|17.04505117
456|51.08002507|17.00776912
457|51.06369656|16.98138201
458|51.10378688|17.03849027
459|51.10352717|17.03693772
460|51.11114106|17.0611933
461|51.15687926|16.92299241
462|51.12781415|17.10219215
463|51.12912025|16.84041825
464|51.06946508|17.08041926
465|51.06772802|17.0944196
466|51.10976814|17.02671428
467|51.17341833|16.91294096
468|51.10689464|17.07372026
469|51.09210589|16.97749101
470|51.15166062|17.13089002
471|51.10876071|17.01849744
472|51.08210109|16.98960253
473|51.10983404|17.02659351
474|51.1564994|17.03209808
475|51.14780568|17.1149333
476|51.10655411|17.10445023
477|51.12333306|16.9587513
478|51.11044987|17.04858192
479|51.08468131|17.00695047
480|51.07495405|17.0063848
481|51.08171176|17.02315207
482|51.14506902|17.11683974
483|51.16290433|16.89572297
484|51.15813842|16.91756316
485|51.09422398|17.02153105
486|51.0809699|17.02222742
487|51.16317009|16.89667479
488|51.10114919|17.04001736
489|51.1127548|17.00717329
490|51.11205741|17.06288628
491|51.10743597|17.03288639
492|51.10956762|17.00828924
493|51.08140482|17.00020578
494|51.11435862|17.00266008
495|51.1009889|17.10878688
496|51.10388351|17.09071196
497|51.09712263|17.03264418
498|51.13557577|17.06907505
499|51.11536577|17.06087806
500|51.14275069|16.86252126
501|51.07654639|17.05317017
502|51.04982412|17.05943788
503|51.07211559|16.95854095
504|51.13892645|17.13061327
505|51.1052627|17.0480874
506|51.10156457|17.15718871
507|51.16006249|17.1335076
508|51.17530733|17.0227756
509|51.09006885|17.02023336
510|51.14749239|16.9477392
511|51.07456041|17.0067135
512|51.13248842|16.95826922
513|51.1162081|17.06090705
514|51.144728|16.86840468
515|51.09058463|16.97697458
516|51.14074741|17.03213387
517|51.11704629|17.08645985
518|51.09004715|17.04481596
519|51.13742811|16.99463489
520|51.14478925|16.87181353
521|51.07363734|17.01249483
522|51.1440717|16.86611126
523|51.06047971|17.02571857
524|51.11014178|16.9688408
525|51.13631426|17.0704445
526|51.09941259|17.04514615
527|51.10914445|16.96855288
528|51.15384926|16.89331065
529|51.0900816|17.02918039
530|51.12142129|16.99448092
531|51.12917181|16.98532848
532|51.11258724|16.95992956
533|51.08151334|17.02259043
534|51.09310936|17.06060873
535|51.12791013|16.9905911
536|51.12279876|17.0528858
537|51.12471323|16.98441134
538|51.1264885|17.0548761
539|51.12479489|16.86353107
540|51.14797411|16.98383051
541|51.16730545|17.1059007
542|51.13792379|16.93637322
543|51.14583872|17.11371681
544|51.09396718|16.99688759
545|51.10368465|17.0372824
546|51.11419934|17.05079812
547|51.14236177|17.12821152
548|51.08519345|17.07204083
549|51.13323407|16.9740394
550|51.10873557|16.9432753
551|51.10702202|17.03285067
552|51.13837957|16.94256247
553|51.07742458|16.96217925
554|51.08951916|17.00060314
555|51.14533453|16.87802906
556|51.12869461|17.03684362
557|51.08708055|16.94895303
558|51.14604468|17.12825847
559|51.1154377|17.0152887
560|51.13235136|16.9894391
561|51.07688832|17.05064579
562|51.10635212|17.09925308
563|51.15331204|16.9395464
564|51.15500963|16.85903016
565|51.14375938|16.88999945
566|51.13647536|17.09740219
567|51.04775359|17.01591361
568|51.11769594|17.00402457
569|51.12813401|17.03666443
570|51.12248945|17.03049651
571|51.09325602|17.00249248
572|51.13277348|16.95744959
573|51.10242083|17.01364505
574|51.10318075|17.09632744
575|51.11546188|17.11121294
576|51.15413748|17.02867193
577|51.10673042|17.14323522
578|51.1446806|17.14095665
579|51.11538525|17.1116343
580|51.13555763|16.84894067
581|51.07854783|16.95817901
582|51.16118037|16.90448911
583|51.10585892|17.04334083
584|51.12436093|17.04513281
585|51.13950551|16.89166728
586|51.15145535|17.12824921
587|51.1465803|17.12473187
588|51.11805751|17.03056017
589|51.15370497|17.10444537
590|51.13714914|16.94106129
591|51.09066943|16.98893292
592|51.13738143|16.94032898
593|51.1477521|17.02053929
594|51.10899835|17.04117731
595|51.12838294|17.0538428
596|51.12405659|16.95807128
597|51.15558308|17.12901857
598|51.10352349|17.15412049
599|51.12391727|17.04415281
600|51.09128154|16.98655581
601|51.11243171|17.00101013
602|51.10165234|17.02925954
603|51.10920957|16.90416774
604|51.05302747|17.09352322
605|51.09979617|17.04595499
606|51.11351768|16.84524263
607|51.14471511|16.87125685
608|51.07716031|17.0399816
609|51.08014492|17.00818654
610|51.06983313|17.09753489
611|51.08977424|17.02139076
612|51.15165155|17.11564093
613|51.1418512|16.90586919
614|51.11696544|17.02364622
615|51.10543862|17.11165182
616|51.13747783|16.96875577
617|51.10335595|17.15474217
618|51.07679045|17.0892145
619|51.07498631|16.99683129
620|51.11364498|17.10333429
621|51.08534689|17.06528881
622|51.13838495|17.05797863
623|51.11943273|17.08160413
624|51.11292785|17.00771969
625|51.12616644|16.98483072
626|51.06838623|17.01333341
627|51.1289803|16.83964368
628|51.14062651|16.95825689
629|51.0676757|16.99920899
630|51.10446678|17.08466996
631|51.13852288|17.05908537
632|51.11424094|16.97803815
633|51.11949148|16.95177714
634|51.13346162|16.97172821
635|51.11726742|17.03189917
636|51.13738753|16.96883677
637|51.09420317|17.02110563
638|51.12198566|16.94754152
639|51.11624154|17.0247245
640|51.12474914|17.03497559
641|51.09531745|17.03270704
642|51.1263766|16.99529
643|51.0892957|17.03414067
644|51.1018217|17.02475992
645|51.09339306|17.03041633
646|51.1330889|16.95921792
647|51.12431438|17.03503322
648|51.15746735|16.92790798
649|51.16669833|16.88756114
650|51.06374727|17.08249598
651|51.10159521|17.01318436
652|51.14769709|16.98852446
653|51.08713865|17.01249942
654|51.12400883|16.95900179
655|51.1481479|17.02988057
656|51.13611685|17.01660504
657|51.09175622|17.04357891
658|51.08277939|17.05080816
659|51.1742539|16.90824985
660|51.09818469|17.03047301
661|51.11080115|16.89857604
662|51.16918004|16.997198
663|51.07850556|17.06395198
664|51.13060652|17.11194969
665|51.13951481|17.08107915
666|51.09761219|16.99192456
667|51.09291405|17.03286481
668|51.07473562|17.00708869
669|51.05538513|16.97764001
670|51.13916822|17.08080604
671|51.14481192|16.98676913
672|51.10717597|17.14224172
673|51.06850207|17.00354717
674|51.10019776|17.04528827
675|51.17053566|16.90182076
676|51.12431518|17.03399798
677|51.13201673|17.08907094
678|51.0751223|16.99667087
679|51.13591837|16.97904813
680|51.10115843|17.10846721
681|51.11347912|17.03884383
682|51.13166221|17.06522581
683|51.10220568|17.10232233
684|51.14387282|16.88979777
685|51.1292307|16.85488048
686|51.10512525|17.03689849
687|51.05871291|17.05649989
688|51.15828577|17.14667761
689|51.12969347|17.09819462
690|51.15703171|16.93446029
691|51.07596155|16.95289375
692|51.09765536|16.99309074
693|51.07243751|17.01090988
694|51.10769558|17.03966493
695|51.11670115|17.12650739
696|51.11625304|17.05491954
697|51.14249334|16.90004871
698|51.10686137|17.0212559
699|51.10106446|17.04037965
700|51.13098303|17.07443778
701|51.10794457|17.02664669
702|51.09912756|17.05025152
703|51.10898462|16.91713142
704|51.1240703|17.0428229
705|51.11862307|16.95486964
706|51.05922026|17.05644786
707|51.15143216|17.01738486
708|51.1549566|17.11933747
709|51.06360478|17.08374374
710|51.05891787|17.00688891
711|51.08288545|17.05490525
712|51.14519157|16.87842822
713|51.16284813|17.04578599
714|51.07022608|16.96825341
715|51.13916428|17.06510722
716|51.09710375|17.06767259
717|51.14112633|16.96401266
718|51.14421879|17.03123301
719|51.10626138|17.09399241
720|51.11445016|16.97225648
721|51.16749585|16.89924124
722|51.07430192|17.01590504
723|51.14232533|17.127874
724|51.12363307|16.9229512
725|51.16186965|17.12441774
726|51.06489632|16.97613239
727|51.08476137|16.99051851
728|51.0679444|17.00885403
729|51.13514821|16.84874162
730|51.12179578|16.96774684
731|51.11376971|16.96479245
732|51.15738763|16.94887638
733|51.1099125|17.04769053
734|51.06540713|16.987425
735|51.13892607|16.92885963
736|51.09789936|17.01466028
737|51.10157506|17.04642117
738|51.12958934|16.95495766
739|51.13224852|16.95636132
740|51.13273705|16.97388104
741|51.08299207|17.05468321
742|51.08295661|17.04180448
743|51.12251671|16.97291114
744|51.06957334|16.99736432
745|51.10788512|17.02971101
746|51.14170868|16.85533001
747|51.15347079|16.88502053
748|51.1169492|17.03421196
749|51.13220678|16.98975923
750|51.11385799|16.96471815
751|51.0904155|16.99244112
752|51.09160631|17.017848
753|51.13882375|17.06624315
754|51.15902621|17.13243271
755|51.13176515|17.0652074
756|51.14262875|16.8997251
757|51.04781447|17.09115463
758|51.10840398|17.03857899
759|51.11687491|17.08989673
760|51.06911564|17.09293958
761|51.11923498|16.97108639
762|51.10611533|16.97068639
763|51.13293534|16.97270684
764|51.13507182|17.00574316
765|51.13747773|16.99365991
766|51.1379593|16.89867028
767|51.11199108|17.08484451
768|51.15058006|17.12055035
769|51.09164438|17.04387847
770|51.10111679|17.00798764
771|51.07132849|17.00000936
772|51.14005617|16.92094721
773|51.11606658|17.00044522
774|51.12938769|16.96521794
775|51.10899255|17.0177075
776|51.05505438|17.03221102
777|51.09424076|16.98032861
778|51.14502755|16.94791686
779|51.1199086|17.0101374
780|51.1124185|17.05692794
781|51.12847316|17.05457915
782|51.09375557|16.98037615
783|51.10506379|16.97074817
784|51.11355449|17.12133497
785|51.07477353|17.01617865
786|51.12153714|16.94699382
787|51.11697824|17.04336914
788|51.09637806|16.95695003
789|51.05467455|17.02688314
790|51.13863427|16.97689015
791|51.07866948|17.06430933
792|51.14534175|17.14802053
793|51.1318919|17.08776118
794|51.07045982|17.09154329
795|51.15994896|16.87715945
796|51.12255054|16.93077865
797|51.14809478|16.86536552
798|51.09201659|17.09140065
799|51.0653971|17.03222542
800|51.10000181|17.03530936
801|51.08422089|17.01049203
802|51.17274889|16.99508019
803|51.13609336|16.95045065
804|51.09454007|16.99196391
805|51.13717968|17.02944994
806|51.14636189|17.04188263
807|51.1350993|17.03649766
808|51.09069019|17.01712401
809|51.11215437|17.02072472
810|51.10365177|17.09094843
811|51.1375588|16.96887812
812|51.08424393|16.97151551
813|51.12958463|16.8477604
814|51.06854633|17.00328255
815|51.11278608|17.05556464
816|51.0880624|17.01438581
817|51.08689126|17.06937327
818|51.17252069|17.11334337
819|51.1110477|17.02696354
820|51.11458395|16.97170467
821|51.16698758|17.11010108
822|51.15877892|17.04443946
823|51.15517033|17.06442222
824|51.07953934|17.05074251
825|51.06020181|17.00120681
826|51.10499897|17.03710631
827|51.10954185|16.93024824
828|51.13096532|17.07406088
829|51.05619866|16.98683945
830|51.1065124|17.02174208
831|51.11502086|17.0677333
832|51.08301882|17.03600956
833|51.10742778|17.07267446
834|51.17364397|16.88622016
835|51.12484091|17.03481634
836|51.12609573|17.00358404
837|51.09515077|17.03395188
838|51.14818093|17.02062686
839|51.11360467|17.09144205
840|51.12735148|16.96392836
841|51.08443387|17.01806515
842|51.14293432|17.13440983
843|51.06625409|16.98933554
844|51.1322913|16.95658497
845|51.14964017|17.11961405
846|51.08599179|17.01173244
847|51.10803952|17.02648256
848|51.06793436|17.09437083
849|51.14528561|16.86634895
850|51.14552312|17.13706343
851|51.15651475|17.03409307
852|51.11101789|16.89822747
853|51.11602489|17.0012959
854|51.12097128|17.03500554
855|51.13110934|17.07264144
856|51.1104645|16.95588002
857|51.08940168|17.02919054
858|51.14249314|16.90073956
859|51.08817645|17.0056748
860|51.08570542|17.0353825
861|51.08499034|17.04797301
862|51.14362609|16.88934689
863|51.15123306|16.85637446
864|51.15273404|17.04350323
865|51.09918774|17.03433442
866|51.07188132|17.00632111
867|51.14440986|17.03143115
868|51.1496508|16.86671724
869|51.07775339|17.03382848
870|51.12071056|16.86401211
871|51.13782009|16.96795298
872|51.08997014|17.06489253
873|51.13274736|16.95829172
874|51.1098023|17.04799831
875|51.06154952|16.99764463
876|51.17468603|16.90641445
877|51.09436244|17.08236018
878|51.1399633|16.85391539
879|51.121159|16.99347664
880|51.06553579|17.09689565
881|51.13788045|17.07363454
882|51.08552628|17.06622813
883|51.14911169|16.94531085
884|51.14478099|16.88172505
885|51.09900454|17.05013266
886|51.07815178|17.07041119
887|51.12672928|17.0279064
888|51.06088509|17.08175747
889|51.10921773|16.94157292
890|51.10887001|16.91876711
891|51.14534727|17.1426859
892|51.10722061|16.9494872
893|51.14659083|17.11536469
894|51.08033771|17.02127763
895|51.11198112|17.06403361
896|51.14058789|16.88757033
897|51.10920637|17.06641438
898|51.09326324|17.03007935
899|51.06170297|17.07956093
900|51.11539027|16.94736665
901|51.11115685|17.06146483
902|51.13515522|16.96924374
903|51.07684539|17.04799911
904|51.15596477|17.14068143
905|51.13786511|17.05367076
906|51.0911494|17.01787963
907|51.11639765|17.00040918
908|51.1596774|16.89369003
909|51.15846669|17.14768519
910|51.08566544|17.01660937
911|51.11479036|17.12810768
912|51.1107977|17.13680366
913|51.11709437|17.0079669
914|51.13594766|16.95053949
915|51.09712199|17.16404547
916|51.12354187|17.04021724
917|51.09612668|16.98598787
918|51.10124069|17.02975953
919|51.09003489|17.06465687
920|51.14486204|16.87195908
921|51.13243116|16.95777519
922|51.08432541|16.97222011
923|51.11362381|16.99057644
924|51.13425313|17.037148
925|51.09582145|16.96245172
926|51.12199021|17.01248295
927|51.10230055|17.0466554
928|51.15203007|17.11656448
929|51.07425913|16.96299503
930|51.09667952|17.05664692
931|51.13934624|17.03314725
932|51.10097906|16.97279839
933|51.12422936|17.03500926
934|51.16475782|17.02767914
935|51.07644889|17.0176765
936|51.12338985|16.97654068
937|51.13087791|17.07448226
938|51.1022549|17.01233909
939|51.13486011|17.13843222
940|51.09598131|16.96215108
941|51.10767445|17.02100167
942|51.14084185|17.08710828
943|51.09235784|17.0233313
944|51.13158453|17.07795415
945|51.10209016|17.02946782
946|51.07690052|17.04193165
947|51.0800063|17.08044958
948|51.13509598|16.96913354
949|51.15070058|17.04321735
950|51.05521903|16.97750866
951|51.14486321|16.88184696
952|51.11245887|17.06082821
953|51.11145161|17.0605292
954|51.05078956|17.03002354
955|51.04942074|17.05944212
956|51.10172594|17.04611605
957|51.08015988|17.00849309
958|51.14049512|17.0684799
959|51.09229525|16.9777138
960|51.12558233|16.98341999
961|51.15836473|16.91688767
962|51.10790124|16.89935252
963|51.10744994|17.03195223
964|51.10551567|17.03206375
965|51.09407322|16.98032767
966|51.16816833|17.11251249
967|51.12728377|17.02758415
968|51.12473897|17.03383415
969|51.0902433|17.02862771
970|51.0669667|17.01059737
971|51.0971004|17.05609126
972|51.0800034|17.06255177
973|51.10072902|17.03607079
974|51.13758655|17.03060945
975|51.13590432|17.03532723
976|51.14212422|17.09270856
977|51.12896328|17.1018384
978|51.15952402|16.91076029
979|51.1134051|17.01781372
980|51.08127364|17.07673338
981|51.1242391|17.0448911
982|51.09328643|17.03196835
983|51.1395513|17.03156525
984|51.13632485|16.94989298
985|51.09448973|17.01633482
986|51.15986233|17.133359
987|51.09064675|16.99228621
988|51.10967326|17.04775525
989|51.1142978|16.98464098
990|51.139431|17.03117681
991|51.11250542|16.99341061
992|51.10737346|17.02156812
993|51.13164733|17.06263025
994|51.14245173|17.07091309
995|51.10863474|17.03398723
996|51.0884453|17.00546436
997|51.1317605|17.06514576
998|51.17612809|16.83343361
999|51.17139565|16.90249311
1000|51.09726775|17.03228367
1001|51.17341593|17.11642167
1002|51.10681208|17.03341338
1003|51.1561942|17.04438343
1004|51.16042703|17.12241711
1005|51.09697782|17.01355789
1006|51.09960014|17.02231244
1007|51.09307914|16.97828405
1008|51.12111187|17.01194431
1009|51.12084392|16.86953487
1010|51.11581644|17.06149176
1011|51.10561429|17.07741786
1012|51.12965784|17.11312341
1013|51.09922415|17.03410402
1014|51.10861026|17.04995779
1015|51.14057146|17.12643093
1016|51.14095762|16.85460788
1017|51.12169768|16.99334357
1018|51.11888335|17.01486671
1019|51.05650158|17.02496069
1020|51.16340065|16.8958144
1021|51.14156451|16.963593
1022|51.12351471|16.91906988
1023|51.10421689|17.0831067
1024|51.09727033|16.94939119
1025|51.06566859|16.98735014
1026|51.11982281|17.1145789
1027|51.130483|16.9669594
1028|51.11865191|16.95378812
1029|51.13585096|17.03738306
1030|51.11763765|17.00648374
1031|51.13416852|17.10167761
1032|51.06669831|16.97417252
1033|51.09829918|17.04295576
1034|51.11235612|16.96080587
1035|51.10875626|17.13963071
1036|51.08913156|17.02846418
1037|51.13146454|17.11117002
1038|51.15119711|17.10770451
1039|51.07678179|17.05099042
1040|51.12621511|16.95508704
1041|51.14660856|17.07419875
1042|51.1446192|16.86732374
1043|51.08798605|16.99188243
1044|51.11760369|17.02489396
1045|51.12214223|17.03076659
1046|51.11943129|16.95209989
1047|51.05671427|16.97131837
1048|51.16615026|16.96673588
1049|51.12255099|17.03088377
1050|51.08863475|17.00664634
1051|51.07379258|17.00184495
1052|51.08806673|17.0364739
1053|51.08413311|16.97203013
1054|51.06286238|16.983409
1055|51.10393487|17.02240736
1056|51.07658633|16.9968549
1057|51.145162|16.949136
1058|51.11000208|17.10867679
1059|51.14526428|16.94642908
1060|51.07764214|17.08348187
1061|51.13393672|17.10221244
1062|51.07521301|17.0764035
1063|51.08169566|17.00063201
1064|51.14380946|17.11937899
1065|51.08323683|17.0240315
1066|51.14821674|16.93077497
1067|51.15751698|16.92668051
1068|51.15221328|17.07005902
1069|51.14720413|17.11449479
1070|51.0715518|17.0057436
1071|51.15925383|17.13276175
1072|51.10485494|17.02172817
1073|51.10871783|16.9092043
1074|51.13517296|17.00563442
1075|51.11673687|17.08162463
1076|51.07000967|17.03218376
1077|51.14135997|17.02637624
1078|51.10534286|17.04893354
1079|51.10569557|17.10504999
1080|51.09495429|17.08073915
1081|51.13704645|16.95788518
1082|51.08953574|17.02727917
1083|51.07045604|17.05395751
1084|51.09589669|16.98576959
1085|51.12351666|16.83307101
1086|51.11413879|17.00235255
1087|51.07267104|17.01447844
1088|51.14228888|17.12758393
1089|51.13669884|16.94766133
1090|51.11663255|17.02371713
1091|51.13202899|17.08783632
1092|51.1077801|17.02213126
1093|51.14468922|16.87234511
1094|51.09114361|17.01749444
1095|51.12744511|17.02782453
1096|51.07715655|17.03977588
1097|51.13638784|16.97890749
1098|51.14044693|17.09408707
1099|51.13671691|17.04317468
1100|51.06323|16.9767634
1101|51.16963737|17.02417517
1102|51.16043099|17.02736557
1103|51.09962699|17.03516168
1104|51.12439227|17.03402157
1105|51.11982726|17.12194787
1106|51.11723354|17.03175553
1107|51.11414542|16.97935153
1108|51.09641772|17.0344642
1109|51.14578144|17.0729631
1110|51.08194351|17.07696046
1111|51.15020817|17.02870502
1112|51.1006011|17.03927131
1113|51.06547473|16.9867675
1114|51.11377007|17.10379057
1115|51.139503|17.02169309
1116|51.14574363|17.1168372
1117|51.11642391|16.94674662
1118|51.09844161|16.99616962
1119|51.10306382|17.09573702
1120|51.14385496|17.03975428
1121|51.09341207|17.00376531
1122|51.14465926|16.87242207
1123|51.07060584|17.05370773
1124|51.11303373|17.01259791
1125|51.15649295|16.8913875
1126|51.10435569|17.02161539
1127|51.12158048|16.96790892
1128|51.14507167|16.98734081
1129|51.09442356|17.01078156
1130|51.09724458|17.03509212
1131|51.05891295|17.08728567
1132|51.0762234|16.96886864
1133|51.17146009|16.83774389
1134|51.07966645|16.95747725
1135|51.07275512|17.08914076
1136|51.14432784|16.98712644
1137|51.09257429|17.0609456
1138|51.10483121|17.02257986
1139|51.16084082|16.90522914
1140|51.13028535|16.84766226
1141|51.10416314|17.02254402
1142|51.12095335|16.86956158
1143|51.0962177|17.00580891
1144|51.15616008|17.12046583
1145|51.11245661|16.96079922
1146|51.13832129|17.05737577
1147|51.1482274|16.94674568
1148|51.15378718|17.13636151
1149|51.12044673|16.86314011
1150|51.12410882|16.88600906
1151|51.1089157|17.03990956
1152|51.09456981|16.97780357
1153|51.09511263|16.97322236
1154|51.12864987|17.03653188
1155|51.1075314|16.94957549
1156|51.1344896|17.01122724
1157|51.09964618|17.0372635
1158|51.12084476|16.87663946
1159|51.10004154|17.04441635
1160|51.15127614|16.99292075
1161|51.12389404|16.98746677
1162|51.15501753|16.85941442
1163|51.09211699|17.09129425
1164|51.14198501|17.03660109
1165|51.10568515|17.03189321
1166|51.12671391|17.02762641
1167|51.10525798|17.01391218
1168|51.10376025|17.09087037
1169|51.11611805|17.05107323
1170|51.11729729|17.04418633
1171|51.08305751|17.0544017
1172|51.08204573|17.0769832
1173|51.08342441|17.03407404
1174|51.11666311|17.04171255
1175|51.13683361|16.94853359
1176|51.1422877|17.03675168
1177|51.12246204|16.96215449
1178|51.08763746|16.97552321
1179|51.11263198|17.03585352
1180|51.15069907|17.04307116
1181|51.05428452|17.03224953
1182|51.0523518|17.01942397
1183|51.12129299|16.99361834
1184|51.10412647|17.03231779
1185|51.14542836|17.14270608
1186|51.12098927|16.8766319
1187|51.19284532|16.97791464
1188|51.14730363|17.0298674
1189|51.12362685|17.04134956
1190|51.10278658|17.1027175
1191|51.08488582|17.07219405
1192|51.07815287|17.014921
1193|51.10005584|17.03913824
1194|51.10750719|17.02227192
1195|51.10025151|17.04545522
1196|51.11382548|17.09700244
1197|51.15696048|17.09628152
1198|51.09612792|17.01249649
1199|51.1171567|17.05147223
1200|51.15134349|17.12667101
1201|51.13744104|17.05290683
1202|51.08508639|17.03498376
1203|51.11366915|17.09111971
1204|51.16363483|16.89668822
1205|51.13773557|16.96488391
1206|51.0881975|17.01418454
1207|51.14535618|16.86660795
1208|51.07202325|17.00081257
1209|51.11558682|17.0139614
1210|51.09036896|16.99331873
1211|51.09365152|17.02063499
1212|51.0684791|17.00894872
1213|51.07639384|17.09019787
1214|51.1073373|17.04056468
1215|51.09412628|16.9783528
1216|51.12154855|17.04345676
1217|51.12288046|17.0305477
1218|51.07990017|17.06237296
1219|51.06533765|16.98675365
1220|51.13938593|17.0951032
1221|51.07727815|17.0840056
1222|51.10298922|17.09696466
1223|51.07438482|17.00669989
1224|51.0970587|16.95051131
1225|51.10940828|17.02647574
1226|51.11952699|16.95307573
1227|51.14819287|17.11741143
1228|51.09514284|16.97946312
1229|51.14677636|17.12095571
1230|51.13430261|17.03722631
1231|51.16316758|16.8785106
1232|51.10971261|17.06511141
1233|51.13199305|17.06586816
1234|51.12678746|16.96299853
1235|51.15648939|17.044213
1236|51.09080888|17.13457317
1237|51.16792223|16.89051112
1238|51.08626993|17.04487697
1239|51.09529513|16.97287923
1240|51.06968052|16.96895221
1241|51.09696107|17.01564465
1242|51.11093721|16.89076861
1243|51.06922277|16.99666028
1244|51.09033769|16.99213215
1245|51.08415099|16.9719527
1246|51.1017633|16.94403119
1247|51.1378757|16.89771636
1248|51.15277053|16.94730978
1249|51.0658319|17.03239881
1250|51.08120126|16.96770378
1251|51.11377084|17.09846129
1252|51.09596955|16.98534539
1253|51.14284638|16.89891827
1254|51.16201253|17.12469012
1255|51.0843199|16.972165
1256|51.19174027|16.90608308
1257|51.12924421|16.85387079
1258|51.11578409|17.06010108
1259|51.17785736|16.878167
1260|51.06388182|16.98389947
1261|51.1355033|17.05646867
1262|51.11363376|17.06749904
1263|51.07230328|17.05291232
1264|51.1325609|16.84811764
1265|51.12330217|16.95013945
1266|51.10348246|16.94625051
1267|51.11370601|17.01752429
1268|51.10863733|17.04955305
1269|51.07261838|17.01367324
1270|51.08976799|17.0267318
1271|51.1390591|16.96540233
1272|51.14330572|16.86637819
1273|51.09358874|17.00993332
1274|51.08797899|17.00670969
1275|51.10740167|17.03975323
1276|51.16683322|16.89859872
1277|51.08431604|17.02362547
1278|51.11127473|16.88805774
1279|51.06236524|16.97639315
1280|51.17352975|16.91215217
1281|51.09730552|17.03473242
1282|51.05064197|17.03040244
1283|51.17576127|17.02321912
1284|51.10428012|17.0374019
1285|51.11377165|17.10379131
1286|51.15755617|16.93351713
1287|51.08491312|17.04840295
1288|51.09178124|17.03998645
1289|51.11698985|17.02566255
1290|51.11331718|17.05003487
1291|51.12268084|17.05257538
1292|51.10060367|17.05331733
1293|51.10738093|17.0318946
1294|51.16892661|16.9971452
1295|51.14840428|16.98892203
1296|51.0976473|17.02901762
1297|51.06439067|16.97864057
1298|51.13060688|16.9672488
1299|51.11128152|17.00302028
1300|51.11691447|17.08605899
1301|51.15003331|17.11846677
1302|51.09203383|17.03161103
1303|51.15543246|16.87346308
1304|51.08445774|17.02568208
1305|51.17558777|17.01240251
1306|51.09728078|17.0554891
1307|51.13893649|16.89340009
1308|51.09625391|17.05657091
1309|51.15305201|16.94763157
1310|51.0667177|17.01055622
1311|51.09723133|17.06823853
1312|51.09216005|17.0245164
1313|51.13184919|17.08816611
1314|51.11947637|17.05740455
1315|51.15293053|16.94011137
1316|51.1202902|17.03533345
1317|51.15490004|16.93899342
1318|51.1117652|16.88863062
1319|51.09518419|17.0332323
1320|51.11752537|17.02550516
1321|51.10642819|17.09846397
1322|51.1261206|16.90899382
1323|51.10729913|17.02144329
1324|51.08291661|17.05048962
1325|51.12047966|16.99494618
1326|51.17746147|16.87860037
1327|51.13316389|17.02635152
1328|51.09780921|17.02539105
1329|51.13058526|17.07833767
1330|51.09409024|17.03376462
1331|51.07262001|17.01074357
1332|51.12800133|17.05485837
1333|51.14420506|17.03107522
1334|51.08015951|17.08001002
1335|51.17767644|17.01559688
1336|51.15692694|17.0993176
1337|51.13668835|16.94818894
1338|51.13977492|16.92138879
1339|51.09340199|17.10706554
1340|51.07839616|17.03423151
1341|51.13794923|17.07506203
1342|51.09470298|16.98093922
1343|51.12167038|17.04372305
1344|51.06439694|17.00945618
1345|51.14943623|16.86663735
1346|51.12895884|17.10165475
1347|51.09505331|17.0086204
1348|51.11162272|17.05996513
1349|51.08952194|16.99968964
1350|51.07606087|17.09241238
1351|51.05321184|17.09315923
1352|51.1621963|17.00336693
1353|51.10647275|17.10515942
1354|51.1500133|16.86044908
1355|51.12576942|16.91170779
1356|51.11021212|17.05538489
1357|51.14123864|17.02507515
1358|51.07185778|17.00601881
1359|51.12119173|16.92685948
1360|51.14178277|17.09328259
1361|51.07431824|17.01500657
1362|51.14422121|17.03999779
1363|51.09225858|16.98641641
1364|51.10852214|17.05022
1365|51.1091136|17.00895544
1366|51.15433703|17.10467088
1367|51.14328049|16.88903391
1368|51.12608325|16.91425948
1369|51.16935747|17.11315605
1370|51.16554378|17.10639726
1371|51.1330474|17.02754049
1372|51.11346113|17.12227612
1373|51.11375617|17.03238677
1374|51.13899898|16.96527395
1375|51.07649816|16.97757738
1376|51.1085289|17.03870108
1377|51.12932556|16.97212113
1378|51.12446167|17.04602267
1379|51.12997925|16.84667105
1380|51.15966415|17.12150619
1381|51.11624383|17.02472382
1382|51.06085695|16.99850862
1383|51.11428508|17.10389412
1384|51.16512921|16.8813583
1385|51.12016717|16.97302313
1386|51.11419978|17.11618549
1387|51.10523266|17.14574035
1388|51.12250509|17.03096835
1389|51.07152504|17.03257554
1390|51.09892531|16.94155278
1391|51.14011669|17.06296697
1392|51.07859749|17.06393826
1393|51.14632714|16.87639269
1394|51.14350037|16.95033009
1395|51.09335431|17.10726048
1396|51.14419425|16.86596485
1397|51.14650081|16.86729062
1398|51.16594798|16.99859156
1399|51.16038314|16.87746502
1400|51.17214981|16.90339067
1401|51.10422372|17.04834927
1402|51.10211137|17.10238142
1403|51.08793678|17.03605266
1404|51.12245081|16.93099623
1405|51.13810893|16.94264083
1406|51.06181264|17.03226643
1407|51.13811943|16.93628353
1408|51.11231448|17.00108848
1409|51.10523614|17.0233625
1410|51.12232394|17.05187036
1411|51.13745743|16.89888582
1412|51.07090077|17.09126995
1413|51.12791701|17.03634282
1414|51.05488161|17.02661079
1415|51.126043|16.99669307
1416|51.04766333|17.01604357
1417|51.14916729|17.0752147
1418|51.13992473|16.92093474
1419|51.13978493|16.92227467
1420|51.11013807|17.05549333
1421|51.17442895|16.90762761
1422|51.08018469|17.06265171
1423|51.11746286|17.05109533
1424|51.12528857|17.01001833
1425|51.07968933|17.05050289
1426|51.07393743|17.01571816
1427|51.16024874|17.1210093
1428|51.12383898|16.94995024
1429|51.10501111|16.89906431
1430|51.14178404|17.12546922
1431|51.12011088|17.07799874
1432|51.10488489|17.04833897
1433|51.08356422|17.02997429
1434|51.09049579|17.13507912
1435|51.1202335|16.85652207
1436|51.1495443|17.11894802
1437|51.14360635|16.95344812
1438|51.1127756|17.0119554
1439|51.15979716|16.91014068
1440|51.06876836|17.00474346
1441|51.13378955|17.01942982
1442|51.10952888|17.13841951
1443|51.12148278|16.99341779
1444|51.12255312|16.97483997
1445|51.14609501|16.86569238
1446|51.0697063|17.01205045
1447|51.05115761|17.0923256
1448|51.10429048|17.08387718
1449|51.10266013|17.10242505
1450|51.14303093|16.86689897
1451|51.10416467|17.02010903
1452|51.12361427|17.01092065
1453|51.08137056|17.07818456
1454|51.1456283|16.87602438
1455|51.164293|17.12621166
1456|51.09572256|16.97284737
1457|51.07402037|17.08801326
1458|51.09182185|17.03284995
1459|51.13300141|16.97286531
1460|51.13665143|16.94802237
1461|51.10308181|17.09640613
1462|51.08367677|17.06020391
1463|51.11709299|17.03396739
1464|51.11362323|17.05132478
1465|51.11137875|16.95255994
1466|51.11256664|16.99423155
1467|51.11249543|16.95967441
1468|51.0562372|16.97047495
1469|51.15816022|16.9223663
1470|51.07616146|16.97383436
1471|51.09193393|17.03993819
1472|51.12879129|16.97286656
1473|51.11161059|17.0604342
1474|51.09819421|17.04302504
1475|51.1451135|17.10726011
1476|51.114673|16.95805983
1477|51.13315883|17.10579419
1478|51.07704717|17.04623809
1479|51.10209878|17.01244095
1480|51.1527626|17.06938922
1481|51.10785646|17.04563743
1482|51.15068559|17.10857941
1483|51.13634341|17.0366868
1484|51.16255855|17.00241579
1485|51.14173792|16.90605299
1486|51.15060557|17.11553608
1487|51.08321632|17.04800132
1488|51.15743592|17.01169777
1489|51.07813327|17.06364922
1490|51.07326549|17.05329449
1491|51.13837251|17.13131987
1492|51.13667401|16.96665219
1493|51.07714638|17.06030348
1494|51.09921643|17.00125422
1495|51.09886443|16.9412746
1496|51.16391627|16.91914727
1497|51.1240537|16.98747792
1498|51.13119201|16.96573633
1499|51.07817452|16.96410836
1500|51.1240939|16.88501455
1501|51.07527186|17.00666442
1502|51.1022548|17.04662154
1503|51.09476878|16.9911838
1504|51.14673581|16.93836624
1505|51.07573943|17.00764649
1506|51.1223775|16.96160457
1507|51.12982715|16.98512599
1508|51.12471209|16.86364103
1509|51.11266094|17.03941049
1510|51.10803083|17.02934999
1511|51.08256797|17.07643687
1512|51.1169679|17.09026038
1513|51.1715619|16.83735434
1514|51.11120324|17.02694812
1515|51.0964416|17.03428118
1516|51.12327478|16.83302338
1517|51.14583174|17.11143505
1518|51.11655953|17.12714684
1519|51.14296098|17.13567921
1520|51.09167159|17.0326754
1521|51.10530935|16.94892827
1522|51.13161876|17.07947189
1523|51.0604299|17.08323144
1524|51.13666861|17.00040711
1525|51.11940012|17.04201805
1526|51.10563583|17.03185662
1527|51.1297322|17.09805406
1528|51.1326958|16.97261146
1529|51.13898109|16.92851914
1530|51.08765458|17.00679663
1531|51.17299526|17.11354402
1532|51.1174262|17.00353097
1533|51.10556077|17.0778982
1534|51.06771883|17.0143228
1535|51.0866161|17.06930279
1536|51.05969148|17.03246238
1537|51.06412507|17.0692762
1538|51.09867145|17.04397819
1539|51.17529205|17.02175706
1540|51.14910418|17.04320481
1541|51.13625531|16.96676952
1542|51.11197224|17.02721709
1543|51.09722373|17.03685191
1544|51.12366598|16.98773894
1545|51.08962653|17.00041963
1546|51.12986588|16.95496468
1547|51.17144576|17.00470361
1548|51.15259928|16.99609657
1549|51.10858063|17.01806625
1550|51.08399136|17.04925293
1551|51.06959553|17.08011358
1552|51.17312991|16.99466755
1553|51.10703992|17.07283232
1554|51.08432805|16.97228865
1555|51.14587111|16.8663056
1556|51.08435772|17.02528013
1557|51.15555195|17.12924828
1558|51.09653971|17.01452168
1559|51.10851106|17.01882654
1560|51.11987073|16.95297263
1561|51.14950606|16.87893051
1562|51.08016153|17.06247149
1563|51.10604848|17.04638052
1564|51.14781585|16.98421285
1565|51.10016749|17.02391701
1566|51.14410079|16.8888644
1567|51.06512827|17.06469609
1568|51.11751339|17.04104209
1569|51.10190147|17.10268882
1570|51.12439011|17.03338605
1571|51.14653012|17.12905109
1572|51.15018013|17.12089128
1573|51.12056552|16.86625088
1574|51.09812538|17.03171004
1575|51.14490859|16.88144939
1576|51.15402867|16.89489676
1577|51.11682539|17.09007458
1578|51.07374873|17.0016201
1579|51.1517139|16.86468372
1580|51.06811337|16.96952346
1581|51.09277408|17.06112029
1582|51.13401659|17.03671246
1583|51.11271349|17.0650486
1584|51.1576467|16.92164014
1585|51.12784782|16.97599125
1586|51.10093905|17.02896675
1587|51.08389468|17.03529442
1588|51.14400826|17.14098084
1589|51.14617784|17.13049347
1590|51.14184923|17.12319844
1591|51.07704659|17.04623752
1592|51.11276876|17.03957331
1593|51.05896981|17.00705597
1594|51.14166292|17.06477615
1595|51.09413048|17.00953891
1596|51.14381467|17.07135333
1597|51.05968911|17.00565942
1598|51.14230816|16.99021439
1599|51.130663|16.84759355
1600|51.15414956|17.13676112
1601|51.19808296|16.90589198
1602|51.12422902|17.03323476
1603|51.12362295|16.88379955
1604|51.08607102|17.01255153
1605|51.13551116|17.05758582
1606|51.14702209|17.04199506
1607|51.05680034|17.02227718
1608|51.09969271|17.03551983
1609|51.09138454|16.98670185
1610|51.12674064|17.04844659
1611|51.07488361|17.00656862
1612|51.12191848|17.05294166
1613|51.14666145|16.86935503
1614|51.12279072|17.03083308
1615|51.096684|17.05774933
1616|51.10140926|17.1577111
1617|51.14245937|17.02567781
1618|51.1098037|16.92800023
1619|51.14183972|16.90595745
1620|51.08179031|16.9686698
1621|51.11370895|17.01767753
1622|51.10374948|17.03063782
1623|51.11974086|17.12181613
1624|51.12319259|16.88278896
1625|51.08711509|16.95282316
1626|51.106082|16.95019981
1627|51.12119681|16.94496108
1628|51.09192753|17.13303339
1629|51.0933772|17.03611767
1630|51.11772042|17.00753451
1631|51.1279632|16.97623109
1632|51.12968026|16.86065777
1633|51.11121824|17.02140867
1634|51.08334362|17.03946697
1635|51.13365374|17.01988582
1636|51.13011803|16.96602103
1637|51.13881871|16.92905866
1638|51.08372385|17.05965811
1639|51.1437776|16.95297767
1640|51.12852062|16.98993508
1641|51.11690106|17.05036028
1642|51.06674369|16.99465412
1643|51.07828269|17.06885171
1644|51.10027769|17.0392015
1645|51.12940516|16.9714251
1646|51.07455746|17.01644372
1647|51.09750859|16.99130995
1648|51.0839935|16.97098858
1649|51.09602762|16.98631833
1650|51.09476661|16.9807673
1651|51.08873881|17.01465516
1652|51.06086322|17.02702921
1653|51.09937187|17.03338221
1654|51.07678443|16.98048278
1655|51.09462766|16.98126206
1656|51.13497136|17.05777339
1657|51.0477088|17.09101957
1658|51.11942073|16.95156781
1659|51.11386787|17.09871941
1660|51.14544971|17.10791441
1661|51.19330454|16.97814172
1662|51.15526287|16.87306982
1663|51.10895555|17.01793246
1664|51.139555|17.03175984
1665|51.10708821|17.07346452
1666|51.09955033|17.02628857
1667|51.1009562|17.03938397
1668|51.08354909|17.02641602
1669|51.06761642|16.999554
1670|51.15840948|17.00896044
1671|51.1121344|17.02222943
1672|51.05183318|17.01882928
1673|51.08750139|17.06828287