334|51.64335|16.1126
337|51.6527846|16.0676174
338|51.6613|16.09624
339|51.66993685|16.090662184
340|51.66993685|16.090662184
341|51.6505589|16.1058120718
343|51.6677019|16.083767853
345|51.66993685|16.090662184
346|51.66993685|16.090662184
348|51.66635595|16.0856117567
349|51.6505589|16.1058120718
350|51.6627589|16.0980183702
351|51.66635595|16.0856117567
352|51.6677019|16.083767853
353|51.66993685|16.090662184
354|51.66993685|16.090662184
355|51.66513|16.08504
356|51.66635595|16.0856117567
358|51.6685438|16.0847419
359|51.66471|16.0901
360|51.65395135|16.1009631622
361|51.65395135|16.1009631622
362|51.6526364|16.0597891863
363|51.6526364|16.0597891863
364|51.6526364|16.0597891863
365|51.65395135|16.1009631622
366|51.65395135|16.1009631622
367|51.65395135|16.1009631622
369|51.64974835|16.0938408511
370|51.66993685|16.090662184
371|51.6673587|16.0834138021
372|51.66087|16.08386
373|51.6638892|16.0806345
374|51.64974835|16.0938408511
375|51.6506259|16.0667707
377|51.6392354|16.1101855523
378|51.66635595|16.0856117567
379|51.66805305|16.08150315
380|51.66993685|16.090662184
381|51.66993685|16.090662184
383|51.65337|16.0728
384|51.66297|16.09389
386|51.6632867|16.0978613172
387|51.6632867|16.0978613172
388|51.6632867|16.0978613172
389|51.6492922|16.1092828269
390|51.665734|16.0807872693
391|51.6635461|16.0806994598
392|51.6492922|16.1092828269
393|51.6637629|16.0797445388
394|51.6637629|16.0797445388
395|51.6637629|16.0797445388
396|51.65230515|16.0829685981
397|51.65230515|16.0829685981
398|51.65230515|16.0829685981
399|51.65395135|16.1009631622
400|51.65426705|16.1002723744
401|51.6526364|16.0597891863
402|51.6627589|16.0980183702
403|51.6627589|16.0980183702
404|51.6627589|16.0980183702
405|51.665734|16.0807872693
406|51.665734|16.0807872693
407|51.665734|16.0807872693
408|51.66635595|16.0856117567
409|51.66635595|16.0856117567
410|51.66635595|16.0856117567
411|51.66635595|16.0856117567
412|51.6588524|16.0996915
413|51.6588524|16.0996915
414|51.6588524|16.0996915
415|51.6588524|16.0996915
416|51.6588524|16.0996915
417|51.6485635|16.0998298
418|51.6485635|16.0998298
419|51.6485635|16.0998298
420|51.65307|16.05937
421|51.65307|16.05937
422|51.65307|16.05937
423|51.65307|16.05937
426|51.6440205|16.0800664
434|51.5959305|16.0472257
435|51.59620135|16.0436779557
436|51.6271888|16.0739204
437|51.59610985|16.0444326291
439|51.5959305|16.0472257
440|51.6271888|16.0739204
441|51.7451612|16.0366069489
442|51.7458|16.03369
443|51.7458|16.03369
444|51.74565|16.03415
458|51.669204|16.5321592
459|51.669591|16.5256332
462|51.6716422|16.5426873955
464|51.6715779|16.5399935
472|51.6678948|16.5390014
473|51.6678948|16.5390014
474|51.6678948|16.5390014
475|51.6678948|16.5390014
489|51.66326895|16.5367529456
490|51.66326895|16.5367529456
491|51.66326895|16.5367529456
503|51.69354|16.43129
508|51.72741|16.42782
509|51.72741|16.42782
510|51.72741|16.42782
511|51.5606386|16.6922044782
513|51.56656225|16.6976262216
514|48.8442356|32.6759451
516|51.5657133|16.6980273435
517|51.5607779|16.6891414564
518|51.5607779|16.6891414564
519|51.5607779|16.6891414564
520|51.5607779|16.6891414564
521|51.5607779|16.6891414564
530|51.074337|16.1654093316
531|51.04987275|16.202008514
533|51.0529391|16.1936915257
542|51.0520874|16.1949707753
543|51.0520874|16.1949707753
544|51.0520874|16.1949707753
545|51.0542516|16.1964881577
549|51.05204535|16.2013752552
550|51.05276145|16.2008643347
551|51.05276145|16.2008643347
552|51.05276145|16.2008643347
553|51.05276145|16.2008643347
554|51.0500623|16.2002071186
555|51.0500623|16.2002071186
556|51.0500623|16.2002071186
557|51.0500623|16.2002071186
562|50.9190561|16.0983802
566|50.9191181|16.0980112
569|50.9208025|16.1049803
570|50.9208025|16.1049803
571|50.9208025|16.1049803
572|50.9208025|16.1049803
573|50.9208025|16.1049803
574|50.9208025|16.1049803
596|51.1010548414|16.3574164716
598|50.77503985|15.759575049
600|50.7816147|15.7487092
601|50.7816147|15.7487092
602|50.7816147|15.7487092
604|50.7738436|15.7377554
605|50.7717616|15.7449969358
606|50.7717616|15.7449969358
607|50.7717616|15.7449969358
608|50.7717616|15.7449969358
609|50.7757075|15.7557121658
610|50.7757075|15.7557121658
611|50.7757075|15.7557121658
613|50.78397675|15.8476189895
614|50.7943353|15.8339193
616|50.80091|15.82892
617|50.78990095|15.8347599452
618|50.78990095|15.8347599452
619|50.78990095|15.8347599452
624|50.848765|15.5707474
631|50.8278698|15.5029763
632|50.82266185|15.5294530618
633|50.83277545|15.5297438441
634|50.8433347|15.5431986924
635|50.8436235|15.537273702
636|50.8436235|15.537273702
637|50.8436235|15.537273702
638|50.8436235|15.537273702
639|50.8436235|15.537273702
640|50.8436235|15.537273702
641|50.8436235|15.537273702
642|50.8436235|15.537273702
645|50.830627|15.5274170305
646|50.830627|15.5274170305
647|50.830627|15.5274170305
648|50.830627|15.5274170305
649|50.830627|15.5274170305
655|50.98130445|15.7276325
656|50.93332525|15.7441648513
657|50.93332525|15.7441648513
658|50.93332525|15.7441648513
671|50.8279171|15.684185
672|50.8209109|15.6834168
676|50.8061993|15.7611273
677|50.8061993|15.7611273
678|50.8061993|15.7611273
688|50.78433605|16.0320238848
691|50.7805008|16.0315512
692|50.7804308|16.0331812
693|50.7833908|16.0226157019
694|50.7833908|16.0226157019
696|50.77856695|16.0265759665
701|50.7852392|16.0370874955
702|50.7857308|16.0416412
707|50.77856695|16.0265759665
708|50.77856695|16.0265759665
709|50.77856695|16.0265759665
710|50.78014255|16.0358367429
711|50.78014255|16.0358367429
712|50.78014255|16.0358367429
713|50.78014255|16.0358367429
737|50.69724945|16.0135034527
744|50.7023575|16.0043432
745|50.7060775|15.9989129117
749|50.402953|16.3900647
750|50.3946911|16.3857249
751|50.3946911|16.3857249
756|50.4506206|16.6633824857
757|50.4341732|16.6497219071
758|50.4307356|16.6481282
759|50.4374553|16.6618531
762|50.441964|16.6463438
763|50.4371739|16.6469858072
764|50.43193845|16.6469265263
765|50.4399271|16.6499332938
766|50.4366561|16.6522552
767|50.43316445|16.6522233008
768|50.45726255|16.6713493053
771|50.4371739|16.6469858072
775|50.43731545|16.6534601925
779|50.4371739|16.6469858072
780|50.4371739|16.6469858072
784|50.43643065|16.6500048358
785|50.43643065|16.6500048358
787|50.4371739|16.6469858072
788|50.45651145|16.6760968066
789|50.45651145|16.6760968066
790|50.45651145|16.6760968066
791|50.447422|16.6514920484
795|50.4353626|16.6465139
796|50.4373129|16.6506666905
797|50.4506206|16.6633824857
799|50.4375126|16.6600899
800|50.4329018|16.6487172873
802|50.4370572|16.6476763475
804|50.43316445|16.6522233008
805|50.43316445|16.6522233008
806|50.43316445|16.6522233008
807|50.43316445|16.6522233008
808|50.43316445|16.6522233008
812|50.4307356|16.6481282
814|50.4307356|16.6481282
818|50.43316445|16.6522233008
819|50.5800231|16.5045047
820|50.43316445|16.6522233008
821|50.43316445|16.6522233008
822|50.43316445|16.6522233008
823|50.4539598|16.6636063422
824|50.4539598|16.6636063422
825|50.4539598|16.6636063422
826|50.4375981|16.6513764446
827|50.4375981|16.6513764446
828|50.4375981|16.6513764446
829|50.43482135|16.6491166403
830|50.43482135|16.6491166403
831|50.43482135|16.6491166403
832|50.43482135|16.6491166403
833|50.43482135|16.6491166403
834|50.43482135|16.6491166403
835|50.43482135|16.6491166403
845|50.4375126|16.6600899
846|50.4375126|16.6600899
847|50.4375126|16.6600899
852|50.4424064|16.2498087996
853|50.44129255|16.2414902995
856|50.4421539|16.245328
857|50.4377435|16.2434363
858|50.4377435|16.2434363
859|50.4392261|16.2406349
860|50.4392261|16.2406349
861|50.4377435|16.2434363
862|50.4392261|16.2406349
863|50.4747105|16.2777759449
864|50.4747105|16.2777759449
865|50.4747105|16.2777759449
866|50.4399295|16.2484514
867|50.4399295|16.2484514
868|50.4399295|16.2484514
869|50.43794365|16.21270445
870|50.43794365|16.21270445
871|50.43794365|16.21270445
872|50.43794365|16.21270445
875|50.5783342|16.4991489
876|50.5623743|16.5370625
885|50.6049049|16.5013781
888|50.6049049|16.5013781
889|50.6049049|16.5013781
890|50.6049049|16.5013781
891|50.6049049|16.5013781
892|50.6049049|16.5013781
893|50.6049049|16.5013781
894|50.6049049|16.5013781
899|50.6049049|16.5013781
900|50.6049049|16.5013781
901|50.6049049|16.5013781
902|50.40364005|16.5111017148
903|50.4118854|16.5119553166
906|50.40165|16.50868
908|50.4118854|16.5119553166
910|50.4055441|16.509767019
911|50.4055441|16.509767019
912|50.4055441|16.509767019
913|50.4055441|16.509767019
917|50.40165|16.50868
919|50.2982821|16.6493747082
920|50.3509715|16.5821572575
921|50.30121395|16.6363221159
922|50.2995094|16.6408828
926|50.3538308|16.6303813396
927|50.30121395|16.6363221159
928|50.3538308|16.6303813396
929|50.2995094|16.6408828
930|50.29994995|16.6545461748
931|50.29994995|16.6545461748
933|50.2471627|16.6324316532
934|50.2471627|16.6324316532
935|50.2471627|16.6324316532
936|50.2471627|16.6324316532
937|50.2432641|16.6315295298
938|50.3538308|16.6303813396
955|50.36642765|16.7072096066
962|50.38955715|16.6364915864
963|50.3650253|16.7085189
976|50.3459552|16.8683545629
979|50.40466605|16.2907245187
980|50.40466605|16.2907245187
981|50.40466605|16.2907245187
982|50.40466605|16.2907245187
986|50.2137283|16.6800067
993|50.6157429|16.4779502
996|50.6157429|16.4779502
997|50.6157429|16.4779502
998|50.51276855|16.5718851311
999|50.50991865|16.5737845824
1000|50.51276855|16.5718851311
1001|50.51276855|16.5718851311
1006|50.62704735|16.5176414157
1007|50.6327318|16.5131748
1008|50.62704735|16.5176414157
1009|50.6149331|16.4848417997
1010|50.61751565|16.4790892
1011|50.6149331|16.4848417997
1030|50.50319825|16.3967412334
1031|50.50319825|16.3967412334
1032|50.5039789|16.3962105625
1036|50.2965897|16.8758191067
1037|50.2910252|16.8749262
1039|50.2941003|16.8712468363
1040|50.2941003|16.8712468363
1041|50.2941003|16.8712468363
1042|50.2941003|16.8712468363
1043|50.2941003|16.8712468363
1044|50.4130119|16.4547833
1046|50.416774|16.4408254
1051|51.26829375|15.9285066519
1055|51.27657095|15.9380547125
1059|51.2704627|15.929972422
1061|51.2788531|15.9345905504
1080|51.1509061|16.0496517
1081|51.1496606|16.0447005077
1082|51.1496606|16.0447005077
1083|51.1496606|16.0447005077
1085|51.2587311|16.2564570504
1086|51.22389435|16.2479896012
1087|51.2436718|16.2847768491
1088|51.2232408|16.251184
1095|51.25555925|16.0715348689
1096|51.2511835|16.1635386511
1099|51.2555349|16.0596405534
1102|51.27404745|16.366417211
1104|51.28040375|16.3647733646
1109|51.11818|15.29575
1110|51.11890195|15.2761934572
1113|51.11630175|15.2866707059
1115|51.12230545|15.3026069936
1116|51.1124107|15.2872224
1118|51.1044521|15.2920347038
1119|51.1179209|15.2827876
1122|51.1221967|15.269646846
1128|51.11476|15.28853
1129|51.11476|15.28853
1130|51.11476|15.28853
1135|51.1221967|15.269646846
1136|51.1221967|15.269646846
1137|51.1221967|15.269646846
1138|51.1090465|15.2907810556
1139|51.1090465|15.2907810556
1140|51.1090465|15.2907810556
1141|51.1090465|15.2907810556
1142|51.1090465|15.2907810556
1143|51.1090465|15.2907810556
1144|51.1090465|15.2907810556
1145|50.9270005|15.3071054283
1153|51.0368532|15.2645537
1162|50.94050335|15.297005079
1164|50.94050335|15.297005079
1181|51.03982955|15.3794229971
1183|51.06515295|15.3754892517
1184|51.06515295|15.3754892517
1195|51.1060357|15.2369301
1196|51.1060357|15.2369301
1197|51.1060357|15.2369301
1199|51.3868146|16.2012963
1200|51.3990462|16.2009081
1201|51.3840755|16.2057855104
1202|51.3850067|16.2105409
1203|51.3990245269|16.2062869125
1209|51.40441795|16.2041194916
1210|51.3925825|16.20117325
1211|51.4055227|16.1939995
1214|51.3917541|16.2008651
1215|51.363222|16.218381852
1216|51.3881673|16.20487235
1217|51.3866456|16.212469
1220|51.3804598|16.212343
1222|51.363222|16.218381852
1223|51.38900905|16.2029504069
1224|51.3866456|16.212469
1227|51.4051339|16.204837504
1229|51.40094855|16.1850194639
1231|51.405976|16.1891647
1233|51.39590465|16.1957297899
1235|51.405976|16.1891647
1241|51.405976|16.1891647
1249|51.39590465|16.1957297899
1251|51.405976|16.1891647
1257|51.3866456|16.212469
1258|51.3955357|16.2056325418
1260|51.3866456|16.212469
1264|51.4024985|16.175166897
1268|51.3868146|16.2012963
1269|51.40145135|16.2079780314
1270|51.39590465|16.1957297899
1271|51.40441435|16.2086695392
1273|51.40441435|16.2086695392
1274|51.40441435|16.2086695392
1275|51.40441435|16.2086695392
1276|51.40441435|16.2086695392
1277|51.40441435|16.2086695392
1279|51.40441435|16.2086695392
1280|51.39997005|16.2009511257
1281|51.39997005|16.2009511257
1282|51.39997005|16.2009511257
1296|51.41008725|16.19485245
1297|51.41008725|16.19485245
1299|51.41008725|16.19485245
1300|51.3919419|16.2050018
1301|51.3919419|16.2050018
1302|51.3919419|16.2050018
1303|51.3919419|16.2050018
1304|51.3881673|16.20487235
1305|51.3881673|16.20487235
1306|51.3881673|16.20487235
1312|51.36569695|16.2274875
1313|51.36822386|16.12574164
1314|51.304722|16.1835012
1322|51.36569695|16.2274875
1324|51.36822386|16.12574164
1326|51.3235666|16.2690909
1331|51.51138875|16.2590460487
1342|51.4108025|16.4274831
1344|51.4108025|16.4274831
1345|51.41307875|16.42918303
1346|51.41307875|16.42918303
1347|51.0319075|15.4263024484
1349|51.03405255|15.4118318456
1350|51.0502547|15.4291446
1351|51.0321018|15.4163286084
1352|51.03152355|15.4166857367
1353|51.03152355|15.4166857367
1354|51.03152355|15.4166857367
1355|51.03152355|15.4166857367
1356|51.03152355|15.4166857367
1357|51.03152355|15.4166857367
1358|51.0108741|15.5106322665
1367|51.0108571|15.5095951806
1369|51.1087639|15.58259415
1372|51.11747655|15.6148190996
1374|51.11375015|15.5838685745
1376|51.1092222|15.5859859012
1378|51.11399825|15.5729024565
1379|51.1077439|15.5846298
1380|51.10974205|15.5874250754
1381|51.1132134|15.5788523643
1382|51.11768925|15.6169029444
1383|51.11768925|15.6169029444
1384|51.11768925|15.6169029444
1385|51.11768925|15.6169029444
1386|51.1167395|15.6143089029
1387|51.1167395|15.6143089029
1388|51.1167395|15.6143089029
1389|51.11768925|15.6169029444
1390|51.11768925|15.6169029444
1391|51.11768925|15.6169029444
1392|51.11768925|15.6169029444
1393|51.1077439|15.5846298
1394|51.1077439|15.5846298
1395|51.10974205|15.5874250754
1396|51.11768925|15.6169029444
1397|51.11768925|15.6169029444
1398|51.11768925|15.6169029444
1399|51.11768925|15.6169029444
1400|51.11768925|15.6169029444
1401|51.11768925|15.6169029444
1402|51.11768925|15.6169029444
1403|51.11768925|15.6169029444
1404|51.11768925|15.6169029444
1405|51.11768925|15.6169029444
1410|51.1077439|15.5846298
1411|51.1077439|15.5846298
1412|51.1077439|15.5846298
1413|51.1077439|15.5846298
1414|51.1077439|15.5846298
1415|50.9787801|15.3487183
1422|50.96579655|15.3782622814
1423|50.96579655|15.3782622814
1424|50.96579655|15.3782622814
1427|51.0172977|15.6715342686
1428|51.0172977|15.6715342686
1429|51.0172977|15.6715342686
1430|51.0172977|15.6715342686
1437|51.47699505|17.3563295726
1438|51.47446415|17.3609671179
1439|51.47699505|17.3563295726
1440|51.47699505|17.3563295726
1441|51.3962792|17.3598435931
1442|51.3962792|17.3598435931
1443|51.3962792|17.3598435931
1447|51.5248542|17.273711952
1449|51.5339262|17.2733934
1451|51.5272378|17.2736676503
1452|51.53284685|17.2772704177
1454|51.51295|17.3746
1456|51.5557719|17.357231
1460|51.527415|17.2762550901
1462|51.5260692|17.2754849604
1463|51.52202415|17.2733862958
1465|51.5227617|17.2669953
1466|51.527415|17.2762550901
1468|51.5260692|17.2754849604
1469|51.53099|17.26686
1470|51.5227617|17.2669953
1471|51.5272378|17.2736676503
1472|51.5272378|17.2736676503
1473|51.5272378|17.2736676503
1474|51.5272378|17.2736676503
1475|51.5272378|17.2736676503
1478|51.49949695|17.1693737248
1479|51.5219647|17.2725581708
1480|51.5260692|17.2754849604
1481|51.5260692|17.2754849604
1482|51.5219647|17.2725581708
1483|51.5219647|17.2725581708
1484|51.5219647|17.2725581708
1485|51.5227617|17.2669953
1486|51.5227617|17.2669953
1487|51.5227617|17.2669953
1488|51.52202415|17.2733862958
1489|51.52202415|17.2733862958
1490|51.52202415|17.2733862958
1491|51.52202415|17.2733862958
1492|51.52202415|17.2733862958
1493|51.52202415|17.2733862958
1494|51.5170796|17.2610121446
1495|51.5170796|17.2610121446
1496|51.5170796|17.2610121446
1499|51.2077236|17.3870821
1500|51.2077203|17.3860816
1501|51.20535205|17.3703452537
1504|51.2032348|17.378804
1506|51.219038|17.3706924397
1507|51.2100702|17.397412759
1508|51.2091074|17.4104273
1509|51.2091251|17.3819143
1511|51.20546215|17.3825929961
1512|51.2021437|17.358113079
1514|51.219038|17.3706924397
1515